ORDER	LATENCY	ABS
1	13475	13475
2	10522	23997
3	11681	35678
4	10579	46257
5	9655	55912
6	11581	67493
7	8866	76359
8	9215	85574
9	8112	93686
10	7917	101603
11	7653	109256
12	7552	116808
13	7106	123914
14	8527	132441
15	18989	151430
16	13516	164946
17	19812	184758
18	8464	193222
19	8839	202061
20	8313	210374
21	7976	218350
22	7650	226000
23	7533	233533
24	7999	241532
25	7613	249145
26	8136	257281
27	8847	266128
28	8287	274415
29	13526	287941
30	11742	299683
31	7356	307039
32	8419	315458
33	9530	324988
34	7654	332642
35	6999	339641
36	7457	347098
37	8006	355104
38	7414	362518
39	7575	370093
40	7412	377505
41	8451	385956
42	7799	393755
43	6927	400682
44	6761	407443
45	6829	414272
46	7381	421653
47	7839	429492
48	7319	436811
49	6618	443429
50	6928	450357
51	7604	457961
52	12316	470277
53	8874	479151
54	6931	486082
55	6914	492996
56	6339	499335
57	7885	507220
58	8504	515724
59	9550	525274
60	8736	534010
61	8147	542157
62	9356	551513
63	9332	560845
64	7178	568023
65	10253	578276
66	11399	589675
67	6724	596399
68	7380	603779
69	7853	611632
70	7682	619314
71	14857	634171
72	8534	642705
73	8050	650755
74	8335	659090
75	11197	670287
76	9203	679490
77	7468	686958
78	8109	695067
79	8878	703945
80	7881	711826
81	7213	719039
82	7504	726543
83	6565	733108
84	6952	740060
85	7380	747440
86	7055	754495
87	7071	761566
88	6943	768509
89	8323	776832
90	6861	783693
91	6857	790550
92	6768	797318
93	6981	804299
94	6849	811148
95	7853	819001
96	8938	827939
97	8994	836933
98	9100	846033
99	9342	855375
100	7883	863258
101	8055	871313
102	9574	880887
103	7846	888733
104	7124	895857
105	8270	904127
106	8282	912409
107	7570	919979
108	8256	928235
109	7722	935957
110	7770	943727
111	7637	951364
112	7586	958950
113	7505	966455
114	7595	974050
115	8268	982318
116	7864	990182
117	7489	997671
118	7574	1005245
119	7590	1012835
120	7930	1020765
121	7828	1028593
122	8556	1037149
123	7307	1044456
124	8210	1052666
125	8127	1060793
126	9803	1070596
127	6475	1077071
128	6604	1083675
129	6449	1090124
130	6455	1096579
131	8172	1104751
132	6254	1111005
133	6926	1117931
134	7110	1125041
135	6595	1131636
136	7010	1138646
137	6229	1144875
138	7035	1151910
139	7882	1159792
140	6350	1166142
141	6756	1172898
142	10106	1183004
143	7919	1190923
144	6400	1197323
145	7205	1204528
146	7215	1211743
147	7305	1219048
148	7334	1226382
149	7047	1233429
150	7224	1240653
151	7800	1248453
152	7063	1255516
153	7173	1262689
154	7017	1269706
155	7072	1276778
156	7109	1283887
157	7075	1290962
158	7047	1298009
159	6728	1304737
160	7281	1312018
161	7212	1319230
162	6502	1325732
163	7138	1332870
164	7181	1340051
165	8705	1348756
166	9430	1358186
167	8440	1366626
168	10412	1377038
169	10521	1387559
170	9575	1397134
171	8561	1405695
172	7371	1413066
173	6858	1419924
174	6533	1426457
175	7420	1433877
176	6939	1440816
177	6644	1447460
178	7129	1454589
179	8073	1462662
180	8107	1470769
181	8748	1479517
182	9372	1488889
183	9481	1498370
184	15481	1513851
185	16261	1530112
186	13780	1543892
187	10089	1553981
188	7840	1561821
189	7646	1569467
190	6399	1575866
191	6314	1582180
192	8343	1590523
193	6281	1596804
194	6224	1603028
195	6227	1609255
196	6391	1615646
197	6941	1622587
198	6593	1629180
199	7484	1636664
200	7413	1644077
201	7174	1651251
202	6521	1657772
203	6306	1664078
204	6234	1670312
205	6625	1676937
206	6737	1683674
207	6364	1690038
208	7229	1697267
209	6384	1703651
210	6307	1709958
211	6496	1716454
212	6829	1723283
213	6713	1729996
214	6408	1736404
215	7191	1743595
216	6392	1749987
217	6375	1756362
218	6303	1762665
219	7583	1770248
220	6405	1776653
221	6627	1783280
222	6406	1789686
223	6523	1796209
224	6854	1803063
225	6750	1809813
226	6784	1816597
227	7283	1823880
228	6407	1830287
229	6518	1836805
230	7352	1844157
231	6373	1850530
232	6439	1856969
233	7882	1864851
234	6414	1871265
235	9902	1881167
236	8070	1889237
237	8174	1897411
238	9001	1906412
239	9681	1916093
240	8426	1924519
241	7728	1932247
242	7552	1939799
243	6923	1946722
244	12738	1959460
245	6453	1965913
246	7550	1973463
247	13582	1987045
248	6894	1993939
249	6796	2000735
250	6185	2006920
251	6229	2013149
252	6820	2019969
253	6827	2026796
254	8736	2035532
255	8060	2043592
256	6705	2050297
257	6665	2056962
258	11373	2068335
259	14595	2082930
260	10530	2093460
261	8716	2102176
262	7579	2109755
263	9009	2118764
264	7616	2126380
265	7451	2133831
266	7661	2141492
267	7903	2149395
268	7780	2157175
269	6522	2163697
270	6371	2170068
271	6999	2177067
272	6535	2183602
273	6392	2189994
274	6451	2196445
275	6915	2203360
276	6675	2210035
277	6553	2216588
278	6538	2223126
279	6976	2230102
280	9003	2239105
281	7217	2246322
282	6731	2253053
283	7129	2260182
284	7121	2267303
285	6761	2274064
286	6793	2280857
287	6716	2287573
288	13444	2301017
289	9869	2310886
290	14694	2325580
291	18578	2344158
292	31366	2375524
293	15005	2390529
294	10363	2400892
295	25920	2426812
296	8203	2435015
297	7920	2442935
298	8399	2451334
299	8161	2459495
300	8142	2467637
301	7854	2475491
302	7697	2483188
303	8198	2491386
304	7633	2499019
305	8757	2507776
306	7853	2515629
307	8439	2524068
308	7643	2531711
309	8069	2539780
310	8892	2548672
311	7592	2556264
312	7681	2563945
313	7573	2571518
314	7942	2579460
315	7370	2586830
316	11250	2598080
317	10157	2608237
318	8958	2617195
319	10922	2628117
320	9395	2637512
321	8087	2645599
322	10743	2656342
323	8883	2665225
324	12373	2677598
325	9455	2687053
326	9126	2696179
327	9263	2705442
328	8977	2714419
329	10890	2725309
330	9100	2734409
331	8525	2742934
332	9239	2752173
333	11444	2763617
334	8965	2772582
335	8118	2780700
336	7278	2787978
337	7683	2795661
338	9093	2804754
339	8469	2813223
340	10167	2823390
341	7629	2831019
342	7493	2838512
343	7589	2846101
344	7502	2853603
345	7398	2861001
346	7475	2868476
347	7447	2875923
348	7534	2883457
349	11023	2894480
350	11359	2905839
351	16976	2922815
352	11761	2934576
353	13033	2947609
354	21051	2968660
355	15600	2984260
356	8367	2992627
357	7583	3000210
358	7948	3008158
359	8085	3016243
360	9066	3025309
361	8325	3033634
362	9731	3043365
363	11057	3054422
364	10791	3065213
365	11249	3076462
366	11344	3087806
367	7378	3095184
368	7668	3102852
369	8432	3111284
370	7882	3119166
371	8286	3127452
372	8390	3135842
373	8353	3144195
374	8277	3152472
375	9042	3161514
376	9007	3170521
377	7708	3178229
378	7470	3185699
379	7822	3193521
380	7643	3201164
381	7818	3208982
382	7417	3216399
383	8780	3225179
384	8022	3233201
385	7967	3241168
386	8036	3249204
387	7988	3257192
388	7949	3265141
389	7795	3272936
390	7923	3280859
391	7849	3288708
392	8082	3296790
393	8038	3304828
394	7531	3312359
395	8897	3321256
396	7811	3329067
397	7823	3336890
398	7839	3344729
399	7882	3352611
400	9371	3361982
401	8603	3370585
402	9056	3379641
403	9500	3389141
404	8189	3397330
405	7603	3404933
406	7615	3412548
407	9702	3422250
408	7549	3429799
409	8899	3438698
410	8346	3447044
411	7330	3454374
412	8136	3462510
413	8538	3471048
414	8148	3479196
415	7332	3486528
416	8529	3495057
417	8176	3503233
418	8611	3511844
419	8806	3520650
420	9543	3530193
421	8325	3538518
422	7222	3545740
423	6933	3552673
424	7357	3560030
425	11166	3571196
426	11151	3582347
427	12673	3595020
428	9467	3604487
429	8631	3613118
430	10838	3623956
431	8657	3632613
432	7506	3640119
433	8972	3649091
434	7764	3656855
435	6859	3663714
436	8252	3671966
437	7543	3679509
438	9996	3689505
439	8234	3697739
440	7572	3705311
441	7613	3712924
442	6742	3719666
443	8589	3728255
444	8036	3736291
445	6679	3742970
446	9244	3752214
447	7756	3759970
448	7698	3767668
449	7454	3775122
450	8048	3783170
451	6737	3789907
452	6604	3796511
453	6847	3803358
454	7798	3811156
455	8451	3819607
456	9179	3828786
457	8462	3837248
458	9392	3846640
459	7094	3853734
460	8094	3861828
461	8234	3870062
462	8294	3878356
463	6756	3885112
464	7119	3892231
465	6671	3898902
466	6568	3905470
467	6933	3912403
468	6731	3919134
469	9139	3928273
470	8040	3936313
471	15156	3951469
472	7669	3959138
473	6566	3965704
474	6899	3972603
475	7334	3979937
476	7380	3987317
477	7199	3994516
478	7916	4002432
479	14065	4016497
480	7335	4023832
481	8110	4031942
482	7263	4039205
483	6579	4045784
484	6846	4052630
485	6556	4059186
486	7627	4066813
487	7266	4074079
488	8091	4082170
489	8874	4091044
490	8068	4099112
491	9274	4108386
492	8044	4116430
493	7924	4124354
494	8299	4132653
495	10448	4143101
496	10382	4153483
497	9288	4162771
498	7810	4170581
499	7520	4178101
500	6716	4184817
501	8110	4192927
502	11330	4204257
503	10744	4215001
504	6888	4221889
505	7751	4229640
506	6885	4236525
507	8239	4244764
508	8480	4253244
509	7899	4261143
510	8451	4269594
511	8354	4277948
512	8238	4286186
513	7059	4293245
514	8556	4301801
515	9293	4311094
516	8323	4319417
517	8518	4327935
518	8317	4336252
519	7349	4343601
520	7283	4350884
521	9099	4359983
522	19724	4379707
523	7973	4387680
524	15097	4402777
525	7072	4409849
526	11028	4420877
527	10671	4431548
528	10387	4441935
529	9657	4451592
530	10520	4462112
531	9679	4471791
532	9766	4481557
533	9306	4490863
534	7277	4498140
535	7500	4505640
536	6729	4512369
537	8512	4520881
538	9292	4530173
539	11394	4541567
540	8158	4549725
541	8339	4558064
542	7606	4565670
543	9143	4574813
544	9960	4584773
545	9672	4594445
546	11260	4605705
547	7765	4613470
548	8170	4621640
549	6543	4628183
550	7106	4635289
551	7671	4642960
552	6485	4649445
553	8529	4657974
554	6948	4664922
555	7159	4672081
556	6742	4678823
557	7198	4686021
558	7556	4693577
559	6476	4700053
560	6651	4706704
561	7308	4714012
562	8389	4722401
563	8407	4730808
564	7931	4738739
565	10787	4749526
566	10579	4760105
567	12896	4773001
568	11279	4784280
569	10250	4794530
570	9798	4804328
571	9966	4814294
572	8248	4822542
573	9791	4832333
574	9646	4841979
575	9177	4851156
576	8094	4859250
577	7801	4867051
578	7977	4875028
579	7665	4882693
580	7990	4890683
581	8217	4898900
582	8905	4907805
583	7682	4915487
584	7558	4923045
585	7476	4930521
586	7106	4937627
587	7688	4945315
588	7665	4952980
589	7273	4960253
590	7031	4967284
591	10001	4977285
592	8107	4985392
593	8081	4993473
594	8202	5001675
595	7596	5009271
596	8886	5018157
597	7241	5025398
598	7927	5033325
599	7318	5040643
600	6835	5047478
601	7583	5055061
602	7090	5062151
603	9067	5071218
604	13673	5084891
605	9068	5093959
606	9111	5103070
607	7944	5111014
608	9203	5120217
609	10941	5131158
610	8207	5139365
611	11708	5151073
612	7953	5159026
613	8390	5167416
614	9522	5176938
615	6999	5183937
616	6708	5190645
617	7750	5198395
618	6633	5205028
619	8814	5213842
620	6446	5220288
621	6852	5227140
622	6818	5233958
623	6975	5240933
624	8977	5249910
625	9638	5259548
626	10986	5270534
627	8998	5279532
628	7755	5287287
629	9523	5296810
630	8291	5305101
631	8118	5313219
632	7986	5321205
633	7779	5328984
634	7795	5336779
635	9215	5345994
636	8447	5354441
637	9041	5363482
638	8179	5371661
639	8546	5380207
640	8517	5388724
641	6344	5395068
642	6368	5401436
643	6452	5407888
644	6893	5414781
645	7094	5421875
646	6894	5428769
647	6699	5435468
648	6598	5442066
649	6445	5448511
650	7139	5455650
651	6524	5462174
652	6741	5468915
653	7541	5476456
654	7758	5484214
655	7886	5492100
656	7984	5500084
657	6607	5506691
658	6925	5513616
659	7244	5520860
660	6417	5527277
661	6554	5533831
662	6456	5540287
663	8205	5548492
664	9737	5558229
665	6398	5564627
666	7357	5571984
667	7896	5579880
668	6689	5586569
669	6232	5592801
670	6144	5598945
671	6298	5605243
672	7960	5613203
673	6396	5619599
674	6299	5625898
675	7099	5632997
676	6552	5639549
677	7305	5646854
678	6844	5653698
679	6380	5660078
680	6566	5666644
681	6819	5673463
682	6766	5680229
683	6309	5686538
684	8015	5694553
685	6827	5701380
686	7079	5708459
687	7185	5715644
688	7502	5723146
689	7116	5730262
690	6407	5736669
691	6977	5743646
692	7193	5750839
693	12017	5762856
694	6924	5769780
695	7304	5777084
696	6377	5783461
697	6620	5790081
698	6690	5796771
699	6445	5803216
700	6161	5809377
701	8155	5817532
702	12612	5830144
703	7774	5837918
704	13004	5850922
705	6278	5857200
706	8728	5865928
707	6738	5872666
708	6607	5879273
709	6531	5885804
710	6487	5892291
711	6447	5898738
712	6382	5905120
713	6313	5911433
714	8536	5919969
715	10652	5930621
716	10624	5941245
717	11174	5952419
718	11591	5964010
719	10308	5974318
720	7814	5982132
721	6717	5988849
722	6687	5995536
723	10762	6006298
724	10333	6016631
725	6918	6023549
726	6566	6030115
727	6593	6036708
728	7213	6043921
729	6795	6050716
730	7938	6058654
731	10409	6069063
732	9589	6078652
733	8191	6086843
734	8255	6095098
735	10723	6105821
736	9980	6115801
737	11329	6127130
738	7990	6135120
739	9066	6144186
740	11525	6155711
741	13392	6169103
742	9420	6178523
743	9232	6187755
744	8141	6195896
745	6983	6202879
746	8193	6211072
747	9671	6220743
748	16554	6237297
749	7634	6244931
750	6728	6251659
751	7575	6259234
752	7021	6266255
753	7401	6273656
754	6808	6280464
755	7061	6287525
756	6381	6293906
757	6683	6300589
758	6284	6306873
759	6347	6313220
760	7959	6321179
761	7203	6328382
762	7180	6335562
763	10968	6346530
764	9209	6355739
765	8400	6364139
766	12546	6376685
767	47868	6424553
768	27158	6451711
769	21794	6473505
770	18117	6491622
771	16725	6508347
772	12621	6520968
773	10156	6531124
774	10182	6541306
775	10862	6552168
776	9175	6561343
777	7647	6568990
778	8488	6577478
779	7381	6584859
780	8634	6593493
781	7898	6601391
782	9937	6611328
783	6972	6618300
784	8256	6626556
785	10106	6636662
786	10502	6647164
787	11340	6658504
788	9785	6668289
789	9915	6678204
790	9138	6687342
791	8030	6695372
792	7121	6702493
793	7110	6709603
794	7669	6717272
795	6679	6723951
796	6699	6730650
797	7201	6737851
798	6286	6744137
799	6727	6750864
800	6828	6757692
801	6435	6764127
802	6404	6770531
803	7509	6778040
804	6568	6784608
805	6666	6791274
806	8101	6799375
807	8074	6807449
808	6879	6814328
809	7378	6821706
810	6787	6828493
811	6816	6835309
812	7076	6842385
813	6655	6849040
814	9033	6858073
815	7900	6865973
816	7790	6873763
817	7662	6881425
818	7891	6889316
819	8887	6898203
820	7484	6905687
821	8207	6913894
822	7878	6921772
823	8307	6930079
824	8242	6938321
825	8523	6946844
826	8171	6955015
827	8261	6963276
828	8635	6971911
829	8909	6980820
830	9897	6990717
831	11841	7002558
832	8146	7010704
833	9042	7019746
834	9199	7028945
835	8573	7037518
836	9047	7046565
837	9990	7056555
838	9197	7065752
839	9178	7074930
840	8921	7083851
841	7861	7091712
842	7983	7099695
843	7357	7107052
844	6767	7113819
845	7699	7121518
846	9506	7131024
847	8813	7139837
848	9546	7149383
849	8965	7158348
850	7941	7166289
851	8446	7174735
852	8045	7182780
853	8392	7191172
854	8370	7199542
855	7998	7207540
856	8108	7215648
857	9024	7224672
858	9544	7234216
859	8731	7242947
860	18048	7260995
861	9775	7270770
862	8186	7278956
863	8188	7287144
864	8466	7295610
865	8298	7303908
866	9910	7313818
867	7981	7321799
868	8650	7330449
869	9562	7340011
870	8624	7348635
871	8117	7356752
872	9106	7365858
873	8433	7374291
874	8019	7382310
875	8190	7390500
876	7988	7398488
877	8479	7406967
878	8714	7415681
879	13738	7429419
880	9062	7438481
881	18570	7457051
882	11433	7468484
883	13549	7482033
884	12190	7494223
885	21566	7515789
886	9191	7524980
887	10213	7535193
888	9621	7544814
889	8547	7553361
890	8852	7562213
891	8664	7570877
892	9842	7580719
893	10077	7590796
894	14418	7605214
895	10827	7616041
896	11527	7627568
897	9685	7637253
898	9843	7647096
899	8261	7655357
900	8776	7664133
901	8530	7672663
902	10275	7682938
903	8113	7691051
904	8286	7699337
905	8275	7707612
906	8147	7715759
907	8026	7723785
908	8932	7732717
909	8672	7741389
910	9000	7750389
911	8168	7758557
912	11638	7770195
913	9509	7779704
914	15908	7795612
915	10696	7806308
916	8599	7814907
917	8328	7823235
918	8657	7831892
919	8925	7840817
920	8178	7848995
921	10603	7859598
922	8637	7868235
923	8255	7876490
924	25876	7902366
925	9306	7911672
926	7875	7919547
927	7998	7927545
928	8025	7935570
929	8285	7943855
930	8423	7952278
931	11272	7963550
932	9911	7973461
933	10834	7984295
934	8576	7992871
935	8333	8001204
936	8115	8009319
937	8336	8017655
938	8367	8026022
939	11994	8038016
940	9228	8047244
941	8092	8055336
942	8705	8064041
943	8183	8072224
944	8716	8080940
945	8791	8089731
946	9155	8098886
947	10215	8109101
948	21849	8130950
949	9759	8140709
950	9209	8149918
951	8906	8158824
952	8675	8167499
953	9520	8177019
954	10987	8188006
955	8857	8196863
956	7727	8204590
957	9135	8213725
958	7813	8221538
959	7900	8229438
960	9709	8239147
961	9009	8248156
962	7684	8255840
963	8263	8264103
964	9284	8273387
965	8540	8281927
966	8085	8290012
967	8852	8298864
968	8727	8307591
969	7972	8315563
970	9347	8324910
971	8379	8333289
972	14523	8347812
973	12137	8359949
974	8818	8368767
975	8937	8377704
976	8629	8386333
977	11197	8397530
978	9081	8406611
979	8456	8415067
980	9461	8424528
981	9971	8434499
982	7975	8442474
983	9091	8451565
984	7883	8459448
985	8713	8468161
986	8525	8476686
987	8006	8484692
988	8970	8493662
989	10401	8504063
990	8515	8512578
991	7888	8520466
992	8039	8528505
993	8858	8537363
994	14141	8551504
995	9368	8560872
996	8883	8569755
997	9007	8578762
998	8034	8586796
999	8948	8595744
1000	9042	8604786
1001	8247	8613033
1002	9263	8622296
1003	8278	8630574
1004	9063	8639637
1005	8644	8648281
1006	7887	8656168
1007	8522	8664690
1008	9114	8673804
1009	8178	8681982
1010	8403	8690385
1011	8063	8698448
1012	8294	8706742
1013	8430	8715172
1014	9649	8724821
1015	8130	8732951
1016	9528	8742479
1017	8424	8750903
1018	8950	8759853
1019	8118	8767971
1020	7925	8775896
1021	9471	8785367
1022	7890	8793257
1023	8497	8801754
1024	8624	8810378
1025	8959	8819337
1026	7557	8826894
1027	7658	8834552
1028	8537	8843089
1029	8282	8851371
1030	8778	8860149
1031	7181	8867330
1032	8941	8876271
1033	8301	8884572
1034	8992	8893564
1035	8066	8901630
1036	10628	8912258
1037	12262	8924520
1038	12822	8937342
1039	8863	8946205
1040	11400	8957605
1041	9373	8966978
1042	10044	8977022
1043	7901	8984923
1044	8858	8993781
1045	7818	9001599
1046	8474	9010073
1047	10118	9020191
1048	7843	9028034
1049	7831	9035865
1050	9963	9045828
1051	9837	9055665
1052	8597	9064262
1053	8564	9072826
1054	7447	9080273
1055	9915	9090188
1056	9323	9099511
1057	9178	9108689
1058	10655	9119344
1059	10847	9130191
1060	10093	9140284
1061	8171	9148455
1062	8584	9157039
1063	7649	9164688
1064	8150	9172838
1065	8120	9180958
1066	8012	9188970
1067	10142	9199112
1068	8321	9207433
1069	9284	9216717
1070	9087	9225804
1071	8753	9234557
1072	7007	9241564
1073	8002	9249566
1074	8120	9257686
1075	7880	9265566
1076	7901	9273467
1077	7861	9281328
1078	8944	9290272
1079	8387	9298659
1080	7760	9306419
1081	7506	9313925
1082	6527	9320452
1083	6970	9327422
1084	7519	9334941
1085	8338	9343279
1086	7819	9351098
1087	7975	9359073
1088	8118	9367191
1089	8770	9375961
1090	8094	9384055
1091	8207	9392262
1092	7254	9399516
1093	8570	9408086
1094	7240	9415326
1095	6987	9422313
1096	7293	9429606
1097	7622	9437228
1098	7514	9444742
1099	8991	9453733
1100	9086	9462819
1101	9818	9472637
1102	7720	9480357
1103	6895	9487252
1104	8069	9495321
1105	6925	9502246
1106	7016	9509262
1107	6816	9516078
1108	7167	9523245
1109	6833	9530078
1110	6698	9536776
1111	7226	9544002
1112	6877	9550879
1113	6836	9557715
1114	7429	9565144
1115	7297	9572441
1116	6750	9579191
1117	7594	9586785
1118	7121	9593906
1119	6923	9600829
1120	9243	9610072
1121	11080	9621152
1122	9702	9630854
1123	9109	9639963
1124	7777	9647740
1125	7546	9655286
1126	6721	9662007
1127	7018	9669025
1128	7343	9676368
1129	6839	9683207
1130	6839	9690046
1131	8169	9698215
1132	8000	9706215
1133	6905	9713120
1134	6303	9719423
1135	13599	9733022
1136	7854	9740876
1137	7175	9748051
1138	8311	9756362
1139	6796	9763158
1140	6565	9769723
1141	6999	9776722
1142	6634	9783356
1143	13683	9797039
1144	7452	9804491
1145	7926	9812417
1146	7194	9819611
1147	6353	9825964
1148	6718	9832682
1149	7278	9839960
1150	7613	9847573
1151	6957	9854530
1152	6376	9860906
1153	6166	9867072
1154	6121	9873193
1155	6075	9879268
1156	6253	9885521
1157	6278	9891799
1158	6447	9898246
1159	7055	9905301
1160	7189	9912490
1161	6692	9919182
1162	8005	9927187
1163	6392	9933579
1164	6708	9940287
1165	6313	9946600
1166	7102	9953702
1167	7575	9961277
1168	6239	9967516
1169	6377	9973893
1170	6360	9980253
1171	11247	9991500
1172	6390	9997890
1173	6882	10004772
1174	6508	10011280
1175	6813	10018093
1176	6621	10024714
1177	6638	10031352
1178	6677	10038029
1179	6671	10044700
1180	6454	10051154
1181	6308	10057462
1182	6416	10063878
1183	7216	10071094
1184	6346	10077440
1185	7387	10084827
1186	6583	10091410
1187	6985	10098395
1188	7033	10105428
1189	6188	10111616
1190	6451	10118067
1191	6746	10124813
1192	6708	10131521
1193	6721	10138242
1194	14551	10152793
1195	6676	10159469
1196	6672	10166141
1197	7154	10173295
1198	6855	10180150
1199	6635	10186785
1200	6900	10193685
1201	6402	10200087
1202	6753	10206840
1203	6346	10213186
1204	7417	10220603
1205	6281	10226884
1206	6895	10233779
1207	7985	10241764
1208	8732	10250496
1209	6923	10257419
1210	7421	10264840
1211	8024	10272864
1212	6189	10279053
1213	6562	10285615
1214	7174	10292789
1215	6517	10299306
1216	6917	10306223
1217	6497	10312720
1218	6461	10319181
1219	7346	10326527
1220	7470	10333997
1221	6563	10340560
1222	7486	10348046
1223	7830	10355876
1224	8222	10364098
1225	6851	10370949
1226	7278	10378227
1227	6699	10384926
1228	6468	10391394
1229	6477	10397871
1230	6556	10404427
1231	7181	10411608
1232	7137	10418745
1233	6456	10425201
1234	6688	10431889
1235	6710	10438599
1236	9330	10447929
1237	10851	10458780
1238	10833	10469613
1239	11903	10481516
1240	13971	10495487
1241	10836	10506323
1242	11810	10518133
1243	10655	10528788
1244	9763	10538551
1245	7773	10546324
1246	6637	10552961
1247	7142	10560103
1248	6909	10567012
1249	8462	10575474
1250	7399	10582873
1251	6863	10589736
1252	7445	10597181
1253	6834	10604015
1254	6540	10610555
1255	7982	10618537
1256	9872	10628409
1257	10074	10638483
1258	8824	10647307
1259	8189	10655496
1260	9873	10665369
1261	6561	10671930
1262	8156	10680086
1263	7159	10687245
1264	7108	10694353
1265	11146	10705499
1266	6939	10712438
1267	6907	10719345
1268	6674	10726019
1269	7078	10733097
1270	8126	10741223
1271	7555	10748778
1272	7821	10756599
1273	6513	10763112
1274	6218	10769330
1275	6336	10775666
1276	7688	10783354
1277	6962	10790316
1278	7491	10797807
1279	7226	10805033
1280	6787	10811820
1281	6497	10818317
1282	6421	10824738
1283	8350	10833088
1284	6548	10839636
1285	6340	10845976
1286	7991	10853967
1287	6739	10860706
1288	7265	10867971
1289	6448	10874419
1290	6784	10881203
1291	6075	10887278
1292	7483	10894761
1293	6759	10901520
1294	7052	10908572
1295	6587	10915159
1296	6470	10921629
1297	13154	10934783
1298	7104	10941887
1299	7141	10949028
1300	6513	10955541
1301	7151	10962692
1302	6622	10969314
1303	6474	10975788
1304	6753	10982541
1305	7966	10990507
1306	7116	10997623
1307	6956	11004579
1308	7083	11011662
1309	7272	11018934
1310	6843	11025777
1311	6982	11032759
1312	6549	11039308
1313	7091	11046399
1314	7764	11054163
1315	8118	11062281
1316	7041	11069322
1317	7274	11076596
1318	6683	11083279
1319	6395	11089674
1320	6422	11096096
1321	7671	11103767
1322	8061	11111828
1323	8592	11120420
1324	6987	11127407
1325	6890	11134297
1326	7608	11141905
1327	6876	11148781
1328	7290	11156071
1329	9860	11165931
1330	8831	11174762
1331	7947	11182709
1332	9498	11192207
1333	7155	11199362
1334	7834	11207196
1335	7300	11214496
1336	7080	11221576
1337	7027	11228603
1338	7442	11236045
1339	6983	11243028
1340	7863	11250891
1341	7071	11257962
1342	6592	11264554
1343	6502	11271056
1344	6542	11277598
1345	6769	11284367
1346	6496	11290863
1347	6761	11297624
1348	6608	11304232
1349	7520	11311752
1350	7953	11319705
1351	7873	11327578
1352	8224	11335802
1353	8639	11344441
1354	8164	11352605
1355	8320	11360925
1356	7310	11368235
1357	6735	11374970
1358	8019	11382989
1359	7353	11390342
1360	19173	11409515
1361	8848	11418363
1362	14504	11432867
1363	8420	11441287
1364	6892	11448179
1365	7619	11455798
1366	6993	11462791
1367	7006	11469797
1368	16706	11486503
1369	13585	11500088
1370	10315	11510403
1371	18272	11528675
1372	23653	11552328
1373	9065	11561393
1374	10573	11571966
1375	9270	11581236
1376	13462	11594698
1377	8403	11603101
1378	23434	11626535
1379	9711	11636246
1380	8342	11644588
1381	8352	11652940
1382	16326	11669266
1383	8267	11677533
1384	10970	11688503
1385	7909	11696412
1386	7978	11704390
1387	8175	11712565
1388	8242	11720807
1389	8887	11729694
1390	8423	11738117
1391	9741	11747858
1392	15064	11762922
1393	17354	11780276
1394	8262	11788538
1395	8273	11796811
1396	8155	11804966
1397	8105	11813071
1398	9182	11822253
1399	8296	11830549
1400	8613	11839162
1401	8572	11847734
1402	8358	11856092
1403	9106	11865198
1404	8750	11873948
1405	8807	11882755
1406	8941	11891696
1407	8500	11900196
1408	7948	11908144
1409	8304	11916448
1410	8106	11924554
1411	8455	11933009
1412	8139	11941148
1413	7071	11948219
1414	19379	11967598
1415	12113	11979711
1416	12158	11991869
1417	10649	12002518
1418	9652	12012170
1419	8948	12021118
1420	10966	12032084
1421	13344	12045428
1422	13458	12058886
1423	9137	12068023
1424	18996	12087019
1425	9627	12096646
1426	13780	12110426
1427	11141	12121567
1428	8969	12130536
1429	19125	12149661
1430	11138	12160799
1431	12244	12173043
1432	9723	12182766
1433	8564	12191330
1434	9107	12200437
1435	8806	12209243
1436	8243	12217486
1437	8189	12225675
1438	9218	12234893
1439	8572	12243465
1440	8250	12251715
1441	8749	12260464
1442	8670	12269134
1443	8901	12278035
1444	8337	12286372
1445	8061	12294433
1446	10042	12304475
1447	8996	12313471
1448	8044	12321515
1449	7724	12329239
1450	10108	12339347
1451	8225	12347572
1452	8722	12356294
1453	8140	12364434
1454	9758	12374192
1455	9101	12383293
1456	8697	12391990
1457	8885	12400875
1458	8282	12409157
1459	9112	12418269
1460	10021	12428290
1461	8226	12436516
1462	8297	12444813
1463	9427	12454240
1464	9193	12463433
1465	7209	12470642
1466	8495	12479137
1467	8872	12488009
1468	8303	12496312
1469	9031	12505343
1470	9156	12514499
1471	10172	12524671
1472	8240	12532911
1473	8126	12541037
1474	7917	12548954
1475	8307	12557261
1476	6678	12563939
1477	6763	12570702
1478	6918	12577620
1479	7772	12585392
1480	9504	12594896
1481	9736	12604632
1482	7474	12612106
1483	12155	12624261
1484	9989	12634250
1485	9868	12644118
1486	8548	12652666
1487	7012	12659678
1488	9864	12669542
1489	9636	12679178
1490	8424	12687602
1491	8598	12696200
1492	11812	12708012
1493	6939	12714951
1494	7848	12722799
1495	9049	12731848
1496	6876	12738724
1497	7188	12745912
1498	7957	12753869
1499	8166	12762035
1500	9223	12771258
1501	7561	12778819
1502	8244	12787063
1503	8532	12795595
1504	7703	12803298
1505	7934	12811232
1506	8928	12820160
1507	8406	12828566
1508	8620	12837186
1509	8151	12845337
1510	8938	12854275
1511	8118	12862393
1512	7758	12870151
1513	6930	12877081
1514	7478	12884559
1515	7028	12891587
1516	6715	12898302
1517	7243	12905545
1518	7036	12912581
1519	7217	12919798
1520	7444	12927242
1521	7531	12934773
1522	6754	12941527
1523	6510	12948037
1524	7237	12955274
1525	7118	12962392
1526	6776	12969168
1527	6553	12975721
1528	7014	12982735
1529	6620	12989355
1530	6888	12996243
1531	7840	13004083
1532	7789	13011872
1533	6910	13018782
1534	6892	13025674
1535	7327	13033001
1536	7108	13040109
1537	6663	13046772
1538	6949	13053721
1539	6881	13060602
1540	7054	13067656
1541	6751	13074407
1542	6718	13081125
1543	7005	13088130
1544	6636	13094766
1545	6934	13101700
1546	7257	13108957
1547	7408	13116365
1548	9804	13126169
1549	7852	13134021
1550	6995	13141016
1551	10517	13151533
1552	7112	13158645
1553	6948	13165593
1554	6818	13172411
1555	7517	13179928
1556	6666	13186594
1557	6504	13193098
1558	6377	13199475
1559	6700	13206175
1560	8413	13214588
1561	7758	13222346
1562	7528	13229874
1563	7102	13236976
1564	6939	13243915
1565	6771	13250686
1566	7028	13257714
1567	7154	13264868
1568	7515	13272383
1569	7548	13279931
1570	7562	13287493
1571	6929	13294422
1572	6729	13301151
1573	7263	13308414
1574	6467	13314881
1575	6952	13321833
1576	7025	13328858
1577	6756	13335614
1578	13205	13348819
1579	8523	13357342
1580	6902	13364244
1581	7016	13371260
1582	8663	13379923
1583	7041	13386964
1584	8260	13395224
1585	14204	13409428
1586	10592	13420020
1587	9480	13429500
1588	7902	13437402
1589	8263	13445665
1590	10879	13456544
1591	8944	13465488
1592	10594	13476082
1593	12112	13488194
1594	8275	13496469
1595	8408	13504877
1596	7298	13512175
1597	6914	13519089
1598	7469	13526558
1599	7134	13533692
1600	6986	13540678
1601	6765	13547443
1602	6790	13554233
1603	6724	13560957
1604	7395	13568352
1605	7397	13575749
1606	6895	13582644
1607	7596	13590240
1608	8648	13598888
1609	8302	13607190
1610	16485	13623675
1611	7248	13630923
1612	14145	13645068
1613	7281	13652349
1614	6974	13659323
1615	6907	13666230
1616	7147	13673377
1617	6618	13679995
1618	7295	13687290
1619	6489	13693779
1620	6939	13700718
1621	6429	13707147
1622	6468	13713615
1623	6618	13720233
1624	6637	13726870
1625	7065	13733935
1626	7236	13741171
1627	6679	13747850
1628	7361	13755211
1629	11443	13766654
1630	7886	13774540
1631	15851	13790391
1632	10462	13800853
1633	7356	13808209
1634	6768	13814977
1635	7293	13822270
1636	7379	13829649
1637	6587	13836236
1638	6922	13843158
1639	6661	13849819
1640	8578	13858397
1641	6543	13864940
1642	6453	13871393
1643	6369	13877762
1644	6672	13884434
1645	7120	13891554
1646	6654	13898208
1647	7147	13905355
1648	6647	13912002
1649	6242	13918244
1650	6495	13924739
1651	6462	13931201
1652	6451	13937652
1653	6827	13944479
1654	6930	13951409
1655	6726	13958135
1656	7089	13965224
1657	6691	13971915
1658	7194	13979109
1659	6557	13985666
1660	6653	13992319
1661	5990	13998309
1662	6349	14004658
1663	8211	14012869
1664	8024	14020893
1665	8055	14028948
1666	8190	14037138
1667	8926	14046064
1668	7944	14054008
1669	7102	14061110
1670	6770	14067880
1671	7035	14074915
1672	6634	14081549
1673	7070	14088619
1674	6945	14095564
1675	7145	14102709
1676	11170	14113879
1677	6879	14120758
1678	6813	14127571
1679	7461	14135032
1680	15775	14150807
1681	9025	14159832
1682	13247	14173079
1683	12616	14185695
1684	10999	14196694
1685	8735	14205429
1686	7812	14213241
1687	8413	14221654
1688	8194	14229848
1689	8350	14238198
1690	7579	14245777
1691	8735	14254512
1692	9688	14264200
1693	9610	14273810
1694	8654	14282464
1695	9497	14291961
1696	9218	14301179
1697	8072	14309251
1698	8596	14317847
1699	8486	14326333
1700	8121	14334454
1701	8588	14343042
1702	7828	14350870
1703	7939	14358809
1704	8572	14367381
1705	8142	14375523
1706	8194	14383717
1707	7420	14391137
1708	8233	14399370
1709	8631	14408001
1710	8085	14416086
1711	8658	14424744
1712	7340	14432084
1713	7748	14439832
1714	7275	14447107
1715	7173	14454280
1716	6763	14461043
1717	6566	14467609
1718	6831	14474440
1719	7089	14481529
1720	6877	14488406
1721	6766	14495172
1722	7033	14502205
1723	6568	14508773
1724	6527	14515300
1725	6662	14521962
1726	6936	14528898
1727	6593	14535491
1728	7509	14543000
1729	7402	14550402
1730	6699	14557101
1731	6417	14563518
1732	6901	14570419
1733	7175	14577594
1734	6624	14584218
1735	6602	14590820
1736	6416	14597236
1737	6349	14603585
1738	6421	14610006
1739	6968	14616974
1740	6833	14623807
1741	7244	14631051
1742	7432	14638483
1743	6693	14645176
1744	6630	14651806
1745	6486	14658292
1746	7228	14665520
1747	6323	14671843
1748	6448	14678291
1749	7560	14685851
1750	7476	14693327
1751	6981	14700308
1752	6808	14707116
1753	6821	14713937
1754	8187	14722124
1755	7562	14729686
1756	6854	14736540
1757	6445	14742985
1758	6597	14749582
1759	6787	14756369
1760	6969	14763338
1761	6742	14770080
1762	7153	14777233
1763	6783	14784016
1764	6654	14790670
1765	6923	14797593
1766	6353	14803946
1767	7092	14811038
1768	7232	14818270
1769	7774	14826044
1770	6635	14832679
1771	7624	14840303
1772	7800	14848103
1773	7590	14855693
1774	7835	14863528
1775	8069	14871597
1776	8088	14879685
1777	8025	14887710
1778	7956	14895666
1779	7880	14903546
1780	7721	14911267
1781	8354	14919621
1782	7654	14927275
1783	9621	14936896
1784	8184	14945080
1785	7079	14952159
1786	10596	14962755
1787	10066	14972821
1788	19237	14992058
1789	12521	15004579
1790	10612	15015191
1791	7730	15022921
1792	7367	15030288
1793	6566	15036854
1794	6617	15043471
1795	6591	15050062
1796	7358	15057420
1797	6473	15063893
1798	6597	15070490
1799	7097	15077587


--------------
Stats:
	Total: 1799
	Mean: 8414.098704503393
	StdDev: 2491.6693665546236
	Max: 12158
	Percentile (25, 50, 75, 95, 99): (7070, 7886, 8705, 10649, 11638)
--------------

