ORDER	LATENCY	ABS
1	46030	46030
2	4193	50223
3	4025	54248
4	5352	59600
5	3005	62605
6	6077	68682
7	3193	71875
8	2941	74816
9	3150	77966
10	2731	80697
11	2674	83371
12	2598	85969
13	2607	88576
14	3338	91914
15	2591	94505
16	2512	97017
17	2646	99663
18	2725	102388
19	2675	105063
20	4285	109348
21	2813	112161
22	3638	115799
23	3560	119359
24	3780	123139
25	2915	126054
26	2599	128653
27	3346	131999
28	3699	135698
29	2700	138398
30	2553	140951
31	2447	143398
32	2582	145980
33	2626	148606
34	3056	151662
35	2529	154191
36	2448	156639
37	2510	159149
38	2407	161556
39	2588	164144
40	2536	166680
41	2866	169546
42	2542	172088
43	2858	174946
44	3338	178284
45	2439	180723
46	2510	183233
47	2836	186069
48	2399	188468
49	2716	191184
50	2362	193546
51	2352	195898
52	2352	198250
53	2533	200783
54	2447	203230
55	2310	205540
56	2325	207865
57	2865	210730
58	2227	212957
59	2281	215238
60	2243	217481
61	2174	219655
62	2283	221938
63	2556	224494
64	2103	226597
65	2115	228712
66	2292	231004
67	2133	233137
68	2153	235290
69	2551	237841
70	2080	239921
71	3356	243277
72	3408	246685
73	3452	250137
74	2628	252765
75	2696	255461
76	3299	258760
77	2436	261196
78	3390	264586
79	3376	267962
80	3631	271593
81	4020	275613
82	3320	278933
83	3497	282430
84	4226	286656
85	2415	289071
86	3179	292250
87	3176	295426
88	2360	297786
89	3151	300937
90	3232	304169
91	2223	306392
92	3174	309566
93	2353	311919
94	2919	314838
95	2602	317440
96	2168	319608
97	2088	321696
98	2129	323825
99	3009	326834
100	2173	329007
101	2176	331183
102	2129	333312
103	2271	335583
104	2481	338064
105	2293	340357
106	3162	343519
107	2548	346067
108	2243	348310
109	2503	350813
110	2185	352998
111	2100	355098
112	2092	357190
113	2184	359374
114	2085	361459
115	2146	363605
116	2101	365706
117	2097	367803
118	2234	370037
119	2212	372249
120	2096	374345
121	2081	376426
122	2225	378651
123	2042	380693
124	2408	383101
125	2085	385186
126	2141	387327
127	2178	389505
128	2188	391693
129	2269	393962
130	3020	396982
131	2931	399913
132	3277	403190
133	2307	405497
134	2124	407621
135	2052	409673
136	2127	411800
137	2083	413883
138	2113	415996
139	2466	418462
140	2151	420613
141	2181	422794
142	2128	424922
143	1913	426835
144	2097	428932
145	2121	431053
146	2044	433097
147	1962	435059
148	1915	436974
149	1965	438939
150	2158	441097
151	1972	443069
152	1999	445068
153	2014	447082
154	2068	449150
155	2063	451213
156	2186	453399
157	2035	455434
158	2019	457453
159	2069	459522
160	2296	461818
161	2205	464023
162	2264	466287
163	2148	468435
164	2352	470787
165	2221	473008
166	2114	475122
167	2232	477354
168	2174	479528
169	2115	481643
170	2078	483721
171	2125	485846
172	2019	487865
173	2139	490004
174	2471	492475
175	3297	495772
176	2372	498144
177	3337	501481
178	2557	504038
179	2413	506451
180	2638	509089
181	3151	512240
182	3753	515993
183	2866	518859
184	2145	521004
185	2203	523207
186	2651	525858
187	2264	528122
188	2052	530174
189	2052	532226
190	2236	534462
191	2161	536623
192	2110	538733
193	2227	540960
194	2093	543053
195	2081	545134
196	2093	547227
197	3080	550307
198	4513	554820
199	3635	558455
200	2621	561076
201	2482	563558
202	4232	567790
203	2084	569874
204	2027	571901
205	1977	573878
206	2103	575981
207	2060	578041
208	2056	580097
209	1964	582061
210	2104	584165
211	2095	586260
212	1986	588246
213	1950	590196
214	1995	592191
215	1953	594144
216	2076	596220
217	1944	598164
218	1940	600104
219	1935	602039
220	1883	603922
221	1943	605865
222	1978	607843
223	1966	609809
224	2045	611854
225	2059	613913
226	2153	616066
227	2191	618257
228	2037	620294
229	2006	622300
230	1934	624234
231	2058	626292
232	2016	628308
233	2060	630368
234	2034	632402
235	2014	634416
236	2021	636437
237	2039	638476
238	2165	640641
239	2197	642838
240	3113	645951
241	2534	648485
242	2163	650648
243	2812	653460
244	2122	655582
245	2017	657599
246	2035	659634
247	2166	661800
248	2170	663970
249	2517	666487
250	2075	668562
251	1972	670534
252	2065	672599
253	2043	674642
254	2088	676730
255	1929	678659
256	2667	681326
257	2032	683358
258	2047	685405
259	3031	688436
260	2938	691374
261	2532	693906
262	2426	696332
263	2165	698497
264	2281	700778
265	2045	702823
266	1919	704742
267	2098	706840
268	1946	708786
269	2086	710872
270	2028	712900
271	2064	714964
272	1919	716883
273	2021	718904
274	1986	720890
275	4065	724955
276	2765	727720
277	2155	729875
278	2160	732035
279	2154	734189
280	2103	736292
281	7623	743915
282	11679	755594
283	20548	776142
284	4149	780291
285	3356	783647
286	3266	786913
287	4043	790956
288	4691	795647
289	3122	798769
290	3052	801821
291	3203	805024
292	3024	808048
293	3096	811144
294	3148	814292
295	3023	817315
296	3120	820435
297	3172	823607
298	3165	826772
299	3295	830067
300	3117	833184
301	2923	836107
302	2220	838327
303	2178	840505
304	3089	843594
305	3177	846771
306	3239	850010
307	3388	853398
308	3212	856610
309	5250	861860
310	3402	865262
311	3132	868394
312	3376	871770
313	3867	875637
314	2736	878373
315	4654	883027
316	5206	888233
317	2224	890457
318	3192	893649
319	2966	896615
320	3323	899938
321	3253	903191
322	3129	906320
323	3150	909470
324	3042	912512
325	2947	915459
326	3081	918540
327	2984	921524
328	3100	924624
329	3037	927661
330	3085	930746
331	6918	937664
332	7751	945415
333	4692	950107
334	4228	954335
335	5705	960040
336	3811	963851
337	3305	967156
338	10244	977400
339	3376	980776
340	3481	984257
341	3488	987745
342	3399	991144
343	5656	996800
344	3391	1000191
345	3086	1003277
346	3267	1006544
347	2979	1009523
348	3170	1012693
349	3115	1015808
350	3017	1018825
351	2970	1021795
352	3111	1024906
353	3190	1028096
354	3305	1031401
355	3277	1034678
356	3466	1038144
357	3079	1041223
358	3211	1044434
359	3154	1047588
360	3092	1050680
361	3372	1054052
362	3152	1057204
363	3446	1060650
364	18516	1079166
365	3038	1082204
366	11062	1093266
367	3011	1096277
368	2914	1099191
369	3013	1102204
370	3120	1105324
371	2867	1108191
372	3013	1111204
373	3338	1114542
374	3191	1117733
375	3451	1121184
376	3449	1124633
377	3398	1128031
378	3022	1131053
379	3081	1134134
380	3081	1137215
381	2982	1140197
382	3144	1143341
383	3157	1146498
384	3060	1149558
385	3152	1152710
386	3176	1155886
387	2996	1158882
388	3255	1162137
389	3289	1165426
390	3489	1168915
391	3342	1172257
392	3128	1175385
393	3130	1178515
394	3130	1181645
395	3116	1184761
396	3051	1187812
397	3120	1190932
398	2985	1193917
399	2109	1196026
400	3171	1199197
401	3068	1202265
402	3047	1205312
403	3050	1208362
404	2159	1210521
405	2498	1213019
406	2364	1215383
407	3154	1218537
408	2948	1221485
409	2185	1223670
410	2110	1225780
411	2197	1227977
412	2049	1230026
413	2028	1232054
414	2985	1235039
415	2020	1237059
416	2024	1239083
417	2121	1241204
418	2118	1243322
419	2033	1245355
420	2017	1247372
421	2010	1249382
422	2098	1251480
423	2111	1253591
424	3044	1256635
425	2026	1258661
426	2027	1260688
427	2189	1262877
428	2549	1265426
429	3321	1268747
430	2111	1270858
431	2102	1272960
432	3059	1276019
433	3039	1279058
434	2140	1281198
435	3115	1284313
436	2543	1286856
437	2202	1289058
438	3184	1292242
439	3114	1295356
440	3142	1298498
441	3404	1301902
442	3282	1305184
443	3128	1308312
444	3033	1311345
445	3061	1314406
446	3228	1317634
447	2178	1319812
448	3229	1323041
449	3097	1326138
450	3049	1329187
451	3095	1332282
452	2215	1334497
453	2112	1336609
454	3064	1339673
455	2997	1342670
456	3101	1345771
457	2162	1347933
458	3098	1351031
459	2345	1353376
460	2654	1356030
461	3117	1359147
462	2716	1361863
463	3168	1365031
464	3478	1368509
465	2880	1371389
466	3265	1374654
467	3225	1377879
468	3126	1381005
469	3266	1384271
470	3381	1387652
471	3216	1390868
472	3395	1394263
473	3175	1397438
474	3247	1400685
475	3219	1403904
476	3159	1407063
477	2382	1409445
478	3094	1412539
479	3183	1415722
480	3459	1419181
481	3004	1422185
482	4921	1427106
483	3239	1430345
484	3922	1434267
485	4790	1439057
486	4850	1443907
487	3378	1447285
488	5511	1452796
489	2482	1455278
490	2135	1457413
491	2523	1459936
492	2144	1462080
493	3083	1465163
494	3495	1468658
495	2383	1471041
496	1971	1473012
497	1965	1474977
498	1967	1476944
499	2168	1479112
500	2067	1481179
501	2169	1483348
502	2822	1486170
503	2164	1488334
504	2223	1490557
505	2052	1492609
506	2361	1494970
507	2145	1497115
508	3471	1500586
509	3527	1504113
510	3209	1507322
511	3046	1510368
512	2299	1512667
513	2289	1514956
514	2913	1517869
515	2021	1519890
516	1992	1521882
517	2097	1523979
518	2461	1526440
519	1991	1528431
520	2079	1530510
521	2197	1532707
522	2193	1534900
523	2176	1537076
524	2181	1539257
525	3172	1542429
526	2039	1544468
527	2030	1546498
528	2692	1549190
529	2966	1552156
530	2149	1554305
531	2189	1556494
532	2074	1558568
533	3054	1561622
534	2095	1563717
535	3095	1566812
536	3172	1569984
537	3438	1573422
538	2442	1575864
539	3279	1579143
540	2642	1581785
541	3135	1584920
542	3200	1588120
543	2913	1591033
544	2267	1593300
545	2715	1596015
546	2358	1598373
547	2240	1600613
548	2082	1602695
549	2199	1604894
550	3103	1607997
551	2410	1610407
552	2111	1612518
553	2686	1615204
554	3217	1618421
555	3070	1621491
556	2155	1623646
557	2177	1625823
558	2437	1628260
559	2819	1631079
560	4003	1635082
561	3692	1638774
562	3166	1641940
563	3141	1645081
564	2222	1647303
565	3033	1650336
566	2073	1652409
567	5120	1657529
568	2467	1659996
569	2008	1662004
570	2331	1664335
571	2673	1667008
572	2208	1669216
573	2524	1671740
574	3408	1675148
575	3122	1678270
576	3001	1681271
577	4556	1685827
578	3381	1689208
579	3376	1692584
580	2879	1695463
581	3385	1698848
582	3253	1702101
583	3199	1705300
584	2188	1707488
585	2413	1709901
586	2098	1711999
587	3032	1715031
588	2114	1717145
589	3330	1720475
590	3273	1723748
591	2235	1725983
592	2276	1728259
593	2297	1730556
594	3286	1733842
595	2280	1736122
596	2200	1738322
597	2052	1740374
598	1975	1742349
599	2062	1744411
600	1933	1746344
601	2010	1748354
602	1934	1750288
603	2013	1752301
604	1948	1754249
605	1866	1756115
606	1987	1758102
607	1868	1759970
608	2064	1762034
609	2105	1764139
610	2071	1766210
611	2115	1768325
612	1956	1770281
613	1968	1772249
614	1996	1774245
615	2044	1776289
616	2587	1778876
617	2425	1781301
618	2101	1783402
619	2024	1785426
620	2033	1787459
621	2211	1789670
622	2174	1791844
623	2122	1793966
624	2103	1796069
625	2114	1798183
626	2035	1800218
627	1991	1802209
628	2004	1804213
629	1982	1806195
630	1945	1808140
631	1884	1810024
632	1958	1811982
633	1871	1813853
634	1872	1815725
635	2037	1817762
636	1992	1819754
637	1971	1821725
638	1983	1823708
639	2100	1825808
640	2115	1827923
641	1959	1829882
642	2061	1831943
643	1976	1833919
644	1904	1835823
645	1961	1837784
646	2021	1839805
647	3946	1843751
648	2045	1845796
649	2022	1847818
650	1957	1849775
651	1981	1851756
652	2734	1854490
653	1998	1856488
654	1884	1858372
655	1942	1860314
656	2115	1862429
657	1917	1864346
658	1999	1866345
659	2109	1868454
660	2009	1870463
661	2082	1872545
662	2041	1874586
663	2049	1876635
664	1980	1878615
665	1980	1880595
666	1995	1882590
667	1961	1884551
668	2421	1886972
669	3260	1890232
670	2059	1892291
671	2114	1894405
672	2066	1896471
673	2031	1898502
674	1998	1900500
675	2005	1902505
676	1871	1904376
677	1870	1906246
678	1927	1908173
679	1903	1910076
680	1871	1911947
681	1848	1913795
682	1870	1915665
683	1864	1917529
684	2959	1920488
685	2833	1923321
686	3549	1926870
687	3349	1930219
688	3830	1934049
689	3389	1937438
690	2190	1939628
691	4876	1944504
692	2144	1946648
693	2217	1948865
694	2060	1950925
695	2083	1953008
696	2088	1955096
697	2189	1957285
698	2265	1959550
699	2227	1961777
700	3257	1965034
701	3504	1968538
702	2579	1971117
703	2595	1973712
704	3275	1976987
705	3622	1980609
706	3805	1984414
707	2721	1987135
708	3913	1991048
709	4216	1995264
710	3063	1998327
711	3214	2001541
712	2268	2003809
713	3713	2007522
714	3570	2011092
715	3214	2014306
716	3208	2017514
717	3862	2021376
718	3588	2024964
719	3705	2028669
720	3788	2032457
721	3617	2036074
722	3116	2039190
723	2288	2041478
724	2181	2043659
725	2050	2045709
726	2085	2047794
727	2017	2049811
728	2160	2051971
729	1986	2053957
730	2002	2055959
731	3963	2059922
732	2145	2062067
733	1946	2064013
734	1853	2065866
735	1954	2067820
736	2140	2069960
737	2117	2072077
738	2130	2074207
739	3544	2077751
740	4655	2082406
741	4111	2086517
742	4212	2090729
743	4129	2094858
744	3116	2097974
745	2803	2100777
746	2342	2103119
747	2255	2105374
748	3429	2108803
749	2699	2111502
750	2899	2114401
751	2767	2117168
752	3709	2120877
753	2836	2123713
754	1897	2125610
755	2078	2127688
756	1995	2129683
757	2125	2131808
758	2138	2133946
759	2051	2135997
760	2080	2138077
761	1960	2140037
762	1995	2142032
763	2118	2144150
764	2116	2146266
765	2127	2148393
766	3390	2151783
767	3476	2155259
768	2259	2157518
769	2414	2159932
770	2074	2162006
771	2140	2164146
772	3142	2167288
773	3209	2170497
774	3326	2173823
775	3535	2177358
776	3514	2180872
777	4266	2185138
778	4401	2189539
779	3083	2192622
780	3433	2196055
781	3288	2199343
782	3169	2202512
783	3303	2205815
784	3272	2209087
785	2461	2211548
786	2077	2213625
787	2957	2216582
788	3451	2220033
789	3272	2223305
790	3186	2226491
791	3132	2229623
792	2654	2232277
793	3116	2235393
794	3306	2238699
795	3244	2241943
796	4130	2246073
797	3712	2249785
798	3763	2253548
799	3682	2257230
800	7086	2264316
801	3198	2267514
802	3332	2270846
803	3324	2274170
804	4410	2278580
805	3170	2281750
806	4764	2286514
807	3714	2290228
808	3190	2293418
809	3362	2296780
810	4072	2300852
811	3355	2304207
812	3216	2307423
813	3350	2310773
814	3241	2314014
815	6639	2320653
816	3234	2323887
817	3634	2327521
818	3593	2331114
819	3056	2334170
820	3238	2337408
821	3241	2340649
822	10979	2351628
823	3239	2354867
824	3125	2357992
825	3650	2361642
826	8787	2370429
827	3343	2373772
828	3201	2376973
829	3181	2380154
830	3517	2383671
831	3437	2387108
832	4530	2391638
833	4614	2396252
834	4089	2400341
835	3665	2404006
836	4607	2408613
837	3241	2411854
838	3263	2415117
839	2958	2418075
840	3584	2421659
841	3376	2425035
842	3225	2428260
843	3417	2431677
844	3898	2435575
845	3839	2439414
846	3555	2442969
847	3331	2446300
848	3590	2449890
849	3538	2453428
850	3511	2456939
851	3215	2460154
852	3282	2463436
853	3254	2466690
854	3115	2469805
855	3168	2472973
856	4209	2477182
857	3291	2480473
858	3147	2483620
859	3054	2486674
860	3336	2490010
861	3414	2493424
862	3398	2496822
863	3385	2500207
864	3433	2503640
865	3370	2507010
866	3394	2510404
867	3455	2513859
868	4852	2518711
869	3176	2521887
870	3485	2525372
871	3390	2528762
872	3494	2532256
873	3608	2535864
874	3522	2539386
875	3455	2542841
876	3465	2546306
877	3632	2549938
878	3248	2553186
879	3191	2556377
880	3693	2560070
881	5437	2565507
882	3394	2568901
883	3155	2572056
884	3297	2575353
885	3290	2578643
886	3176	2581819
887	3245	2585064
888	3073	2588137
889	3087	2591224
890	3146	2594370
891	3751	2598121
892	3311	2601432
893	3252	2604684
894	3167	2607851
895	3195	2611046
896	3364	2614410
897	3242	2617652
898	3157	2620809
899	3113	2623922
900	3064	2626986
901	3161	2630147
902	3219	2633366
903	3163	2636529
904	3074	2639603
905	3408	2643011
906	3054	2646065
907	3460	2649525
908	3503	2653028
909	3470	2656498
910	3292	2659790
911	3257	2663047
912	3267	2666314
913	3456	2669770
914	3096	2672866
915	3274	2676140
916	3376	2679516
917	3244	2682760
918	3285	2686045
919	3247	2689292
920	3181	2692473
921	3280	2695753
922	3214	2698967
923	3344	2702311
924	3384	2705695
925	3223	2708918
926	3327	2712245
927	3326	2715571
928	3122	2718693
929	3227	2721920
930	3143	2725063
931	3219	2728282
932	3338	2731620
933	3368	2734988
934	2983	2737971
935	3184	2741155
936	3274	2744429
937	3327	2747756
938	3286	2751042
939	3192	2754234
940	3203	2757437
941	3181	2760618
942	3182	2763800
943	3240	2767040
944	3233	2770273
945	3222	2773495
946	3244	2776739
947	4174	2780913
948	3403	2784316
949	3413	2787729
950	3478	2791207
951	3322	2794529
952	3594	2798123
953	3730	2801853
954	3840	2805693
955	3241	2808934
956	4918	2813852
957	3168	2817020
958	3565	2820585
959	3277	2823862
960	3152	2827014
961	3777	2830791
962	3166	2833957
963	3038	2836995
964	3299	2840294
965	3181	2843475
966	3111	2846586
967	4419	2851005
968	3201	2854206
969	3507	2857713
970	3280	2860993
971	2970	2863963
972	2832	2866795
973	3276	2870071
974	3420	2873491
975	3067	2876558
976	3329	2879887
977	3424	2883311
978	3251	2886562
979	3552	2890114
980	3506	2893620
981	3449	2897069
982	3387	2900456
983	3223	2903679
984	3159	2906838
985	3133	2909971
986	3096	2913067
987	3190	2916257
988	3231	2919488
989	3181	2922669
990	3214	2925883
991	3269	2929152
992	2291	2931443
993	3027	2934470
994	3250	2937720
995	3582	2941302
996	3463	2944765
997	4038	2948803
998	3231	2952034
999	3556	2955590
1000	3545	2959135
1001	3211	2962346
1002	3283	2965629
1003	3219	2968848
1004	3259	2972107
1005	3451	2975558
1006	2248	2977806
1007	2202	2980008
1008	3145	2983153
1009	3037	2986190
1010	3073	2989263
1011	2268	2991531
1012	3130	2994661
1013	3163	2997824
1014	3399	3001223
1015	2918	3004141
1016	3019	3007160
1017	3273	3010433
1018	3439	3013872
1019	3042	3016914
1020	3297	3020211
1021	3270	3023481
1022	2997	3026478
1023	3211	3029689
1024	2471	3032160
1025	2248	3034408
1026	2204	3036612
1027	2071	3038683
1028	2907	3041590
1029	2950	3044540
1030	2603	3047143
1031	2677	3049820
1032	3072	3052892
1033	2991	3055883
1034	2701	3058584
1035	2283	3060867
1036	2626	3063493
1037	2929	3066422
1038	2266	3068688
1039	2561	3071249
1040	3190	3074439
1041	3991	3078430
1042	3144	3081574
1043	2136	3083710
1044	2762	3086472
1045	6156	3092628
1046	2193	3094821
1047	8778	3103599
1048	2135	3105734
1049	2086	3107820
1050	2019	3109839
1051	2224	3112063
1052	2244	3114307
1053	2085	3116392
1054	2395	3118787
1055	2512	3121299
1056	2188	3123487
1057	2057	3125544
1058	2051	3127595
1059	2025	3129620
1060	2045	3131665
1061	1991	3133656
1062	1924	3135580
1063	1988	3137568
1064	1947	3139515
1065	2384	3141899
1066	2895	3144794
1067	3722	3148516
1068	3101	3151617
1069	3195	3154812
1070	2658	3157470
1071	3233	3160703
1072	2144	3162847
1073	2060	3164907
1074	2018	3166925
1075	2055	3168980
1076	2013	3170993
1077	2092	3173085
1078	1959	3175044
1079	2240	3177284
1080	2258	3179542
1081	2191	3181733
1082	2179	3183912
1083	2048	3185960
1084	2031	3187991
1085	2003	3189994
1086	1982	3191976
1087	1936	3193912
1088	1966	3195878
1089	1974	3197852
1090	2006	3199858
1091	2207	3202065
1092	1990	3204055
1093	2089	3206144
1094	2119	3208263
1095	2081	3210344
1096	2109	3212453
1097	2115	3214568
1098	2007	3216575
1099	1958	3218533
1100	2075	3220608
1101	1958	3222566
1102	1793	3224359
1103	1922	3226281
1104	1957	3228238
1105	1971	3230209
1106	2097	3232306
1107	2021	3234327
1108	2052	3236379
1109	2046	3238425
1110	2039	3240464
1111	1861	3242325
1112	2017	3244342
1113	1917	3246259
1114	1891	3248150
1115	1886	3250036
1116	1879	3251915
1117	1866	3253781
1118	1940	3255721
1119	2028	3257749
1120	2001	3259750
1121	1942	3261692
1122	1913	3263605
1123	1793	3265398
1124	2016	3267414
1125	1904	3269318
1126	1956	3271274
1127	1912	3273186
1128	1842	3275028
1129	2030	3277058
1130	1940	3278998
1131	1954	3280952
1132	1938	3282890
1133	1872	3284762
1134	1869	3286631
1135	1864	3288495
1136	1984	3290479
1137	1880	3292359
1138	1898	3294257
1139	1962	3296219
1140	3938	3300157
1141	2039	3302196
1142	2075	3304271
1143	2006	3306277
1144	2145	3308422
1145	2046	3310468
1146	1903	3312371
1147	1942	3314313
1148	1982	3316295
1149	1970	3318265
1150	1989	3320254
1151	2116	3322370
1152	2059	3324429
1153	1999	3326428
1154	1949	3328377
1155	2171	3330548
1156	2221	3332769
1157	2138	3334907
1158	2190	3337097
1159	2028	3339125
1160	1972	3341097
1161	1937	3343034
1162	1968	3345002
1163	1966	3346968
1164	1922	3348890
1165	1938	3350828
1166	2130	3352958
1167	2157	3355115
1168	2151	3357266
1169	1999	3359265
1170	1940	3361205
1171	2002	3363207
1172	2242	3365449
1173	2132	3367581
1174	2062	3369643
1175	1982	3371625
1176	1994	3373619
1177	2032	3375651
1178	2056	3377707
1179	2168	3379875
1180	2080	3381955
1181	2173	3384128
1182	1933	3386061
1183	2248	3388309
1184	2100	3390409
1185	2036	3392445
1186	1987	3394432
1187	3038	3397470
1188	2174	3399644
1189	2024	3401668
1190	1946	3403614
1191	2014	3405628
1192	2014	3407642
1193	1942	3409584
1194	1929	3411513
1195	1928	3413441
1196	2008	3415449
1197	2057	3417506
1198	1951	3419457
1199	2254	3421711
1200	2068	3423779
1201	2043	3425822
1202	2215	3428037
1203	3181	3431218
1204	2098	3433316
1205	2117	3435433
1206	3466	3438899
1207	1927	3440826
1208	2069	3442895
1209	2112	3445007
1210	2065	3447072
1211	2020	3449092
1212	2461	3451553
1213	2102	3453655
1214	2071	3455726
1215	1866	3457592
1216	1943	3459535
1217	1803	3461338
1218	1854	3463192
1219	2167	3465359
1220	2118	3467477
1221	2024	3469501
1222	2205	3471706
1223	2111	3473817
1224	2062	3475879
1225	1938	3477817
1226	2006	3479823
1227	1923	3481746
1228	2002	3483748
1229	2061	3485809
1230	2068	3487877
1231	2027	3489904
1232	3792	3493696
1233	2105	3495801
1234	1992	3497793
1235	2029	3499822
1236	2157	3501979
1237	2051	3504030
1238	1947	3505977
1239	2178	3508155
1240	2038	3510193
1241	1933	3512126
1242	1927	3514053
1243	1929	3515982
1244	1868	3517850
1245	2004	3519854
1246	1984	3521838
1247	1836	3523674
1248	1834	3525508
1249	1930	3527438
1250	1996	3529434
1251	2290	3531724
1252	2061	3533785
1253	1945	3535730
1254	2186	3537916
1255	2021	3539937
1256	2228	3542165
1257	2164	3544329
1258	2166	3546495
1259	2169	3548664
1260	2102	3550766
1261	2053	3552819
1262	2008	3554827
1263	2203	3557030
1264	2112	3559142
1265	2261	3561403
1266	2465	3563868
1267	2097	3565965
1268	2086	3568051
1269	2049	3570100
1270	2074	3572174
1271	1902	3574076
1272	2088	3576164
1273	2185	3578349
1274	2076	3580425
1275	2031	3582456
1276	2189	3584645
1277	2003	3586648
1278	2082	3588730
1279	2024	3590754
1280	2113	3592867
1281	2523	3595390
1282	2892	3598282
1283	2483	3600765
1284	3325	3604090
1285	2609	3606699
1286	3306	3610005
1287	2423	3612428
1288	2090	3614518
1289	2154	3616672
1290	2185	3618857
1291	2101	3620958
1292	1995	3622953
1293	1921	3624874
1294	1920	3626794
1295	2054	3628848
1296	1921	3630769
1297	1962	3632731
1298	1893	3634624
1299	2048	3636672
1300	1958	3638630
1301	1918	3640548
1302	1850	3642398
1303	1968	3644366
1304	2116	3646482
1305	2048	3648530
1306	1956	3650486
1307	2079	3652565
1308	2186	3654751
1309	2124	3656875
1310	2056	3658931
1311	2054	3660985
1312	2239	3663224
1313	2079	3665303
1314	2083	3667386
1315	2018	3669404
1316	2055	3671459
1317	1968	3673427
1318	1921	3675348
1319	1996	3677344
1320	1910	3679254
1321	4093	3683347
1322	3798	3687145
1323	2081	3689226
1324	2665	3691891
1325	2256	3694147
1326	2270	3696417
1327	2042	3698459
1328	1981	3700440
1329	2172	3702612
1330	2315	3704927
1331	2106	3707033
1332	2123	3709156
1333	2089	3711245
1334	2175	3713420
1335	2258	3715678
1336	2100	3717778
1337	2132	3719910
1338	2486	3722396
1339	2169	3724565
1340	3820	3728385
1341	13551	3741936
1342	3281	3745217
1343	3759	3748976
1344	3721	3752697
1345	4267	3756964
1346	3896	3760860
1347	3576	3764436
1348	6042	3770478
1349	3363	3773841
1350	3396	3777237
1351	3265	3780502
1352	3346	3783848
1353	3435	3787283
1354	3224	3790507
1355	3231	3793738
1356	3249	3796987
1357	3157	3800144
1358	2313	3802457
1359	3072	3805529
1360	3263	3808792
1361	3323	3812115
1362	3260	3815375
1363	3359	3818734
1364	3237	3821971
1365	3333	3825304
1366	3234	3828538
1367	3234	3831772
1368	3141	3834913
1369	3373	3838286
1370	3264	3841550
1371	3140	3844690
1372	3268	3847958
1373	3311	3851269
1374	3279	3854548
1375	3386	3857934
1376	2518	3860452
1377	3268	3863720
1378	3252	3866972
1379	3297	3870269
1380	3318	3873587
1381	3310	3876897
1382	3422	3880319
1383	3229	3883548
1384	5432	3888980
1385	4193	3893173
1386	3362	3896535
1387	4147	3900682
1388	13265	3913947
1389	3740	3917687
1390	3965	3921652
1391	3536	3925188
1392	3312	3928500
1393	3258	3931758
1394	12394	3944152
1395	3736	3947888
1396	3282	3951170
1397	3660	3954830
1398	3490	3958320
1399	3585	3961905
1400	3605	3965510
1401	16188	3981698
1402	3787	3985485
1403	3210	3988695
1404	3396	3992091
1405	3328	3995419
1406	3209	3998628
1407	2994	4001622
1408	3217	4004839
1409	3140	4007979
1410	3284	4011263
1411	3197	4014460
1412	3299	4017759
1413	3403	4021162
1414	11150	4032312
1415	3730	4036042
1416	3612	4039654
1417	3418	4043072
1418	3230	4046302
1419	3196	4049498
1420	3343	4052841
1421	3391	4056232
1422	3474	4059706
1423	3667	4063373
1424	3520	4066893
1425	3484	4070377
1426	3223	4073600
1427	3476	4077076
1428	2347	4079423
1429	3199	4082622
1430	3239	4085861
1431	3315	4089176
1432	3157	4092333
1433	3319	4095652
1434	3366	4099018
1435	2757	4101775
1436	3222	4104997
1437	3601	4108598
1438	3392	4111990
1439	3500	4115490
1440	3542	4119032
1441	3471	4122503
1442	3447	4125950
1443	3788	4129738
1444	3696	4133434
1445	2321	4135755
1446	2295	4138050
1447	3202	4141252
1448	2093	4143345
1449	2176	4145521
1450	2151	4147672
1451	3311	4150983
1452	2685	4153668
1453	3152	4156820
1454	2139	4158959
1455	3254	4162213
1456	2627	4164840
1457	5684	4170524
1458	2337	4172861
1459	3245	4176106
1460	3223	4179329
1461	2254	4181583
1462	3455	4185038
1463	3404	4188442
1464	2457	4190899
1465	2092	4192991
1466	2191	4195182
1467	2195	4197377
1468	3152	4200529
1469	3350	4203879
1470	2800	4206679
1471	3088	4209767
1472	2235	4212002
1473	2154	4214156
1474	3082	4217238
1475	3022	4220260
1476	3235	4223495
1477	3230	4226725
1478	3583	4230308
1479	2181	4232489
1480	2168	4234657
1481	2266	4236923
1482	2279	4239202
1483	3201	4242403
1484	3175	4245578
1485	2164	4247742
1486	2341	4250083
1487	2469	4252552
1488	3187	4255739
1489	3230	4258969
1490	3239	4262208
1491	3102	4265310
1492	3154	4268464
1493	2297	4270761
1494	2874	4273635
1495	3178	4276813
1496	2215	4279028
1497	3078	4282106
1498	2209	4284315
1499	3008	4287323
1500	3016	4290339
1501	2176	4292515
1502	2094	4294609
1503	2272	4296881
1504	2054	4298935
1505	2170	4301105
1506	2169	4303274
1507	2071	4305345
1508	2126	4307471
1509	2629	4310100
1510	2156	4312256
1511	2078	4314334
1512	2109	4316443
1513	1911	4318354
1514	1956	4320310
1515	2081	4322391
1516	2092	4324483
1517	2122	4326605
1518	2150	4328755
1519	2157	4330912
1520	2723	4333635
1521	2140	4335775
1522	2271	4338046
1523	2324	4340370
1524	2291	4342661
1525	2360	4345021
1526	2599	4347620
1527	2252	4349872
1528	2176	4352048
1529	2116	4354164
1530	2312	4356476
1531	2053	4358529
1532	2146	4360675
1533	2088	4362763
1534	2048	4364811
1535	2086	4366897
1536	1918	4368815
1537	1858	4370673
1538	1922	4372595
1539	2301	4374896
1540	2183	4377079
1541	2122	4379201
1542	2161	4381362
1543	4285	4385647
1544	2246	4387893
1545	2307	4390200
1546	2103	4392303
1547	2031	4394334
1548	2103	4396437
1549	2013	4398450
1550	2152	4400602
1551	2148	4402750
1552	2162	4404912
1553	1971	4406883
1554	2057	4408940
1555	1896	4410836
1556	2066	4412902
1557	2413	4415315
1558	2320	4417635
1559	2417	4420052
1560	3123	4423175
1561	2370	4425545
1562	2864	4428409
1563	3155	4431564
1564	2921	4434485
1565	2280	4436765
1566	3619	4440384
1567	5786	4446170
1568	2155	4448325
1569	2152	4450477
1570	2115	4452592
1571	2025	4454617
1572	1975	4456592
1573	1974	4458566
1574	1977	4460543
1575	1860	4462403
1576	1899	4464302
1577	2112	4466414
1578	2287	4468701
1579	2148	4470849
1580	2069	4472918
1581	2334	4475252
1582	2325	4477577
1583	2659	4480236
1584	2148	4482384
1585	2135	4484519
1586	2041	4486560
1587	2104	4488664
1588	2525	4491189
1589	2405	4493594
1590	2020	4495614
1591	2089	4497703
1592	1941	4499644
1593	2198	4501842
1594	2118	4503960
1595	1997	4505957
1596	2057	4508014
1597	2031	4510045
1598	2087	4512132
1599	2009	4514141
1600	1977	4516118
1601	1983	4518101
1602	1962	4520063
1603	2055	4522118
1604	2069	4524187
1605	2104	4526291
1606	2167	4528458
1607	2079	4530537
1608	1959	4532496
1609	1951	4534447
1610	1988	4536435
1611	2066	4538501
1612	2074	4540575
1613	2161	4542736
1614	2066	4544802
1615	2119	4546921
1616	2046	4548967
1617	1928	4550895
1618	2098	4552993
1619	2057	4555050
1620	2053	4557103
1621	1933	4559036
1622	2030	4561066
1623	1994	4563060
1624	1950	4565010
1625	1974	4566984
1626	1954	4568938
1627	2106	4571044
1628	1898	4572942
1629	2234	4575176
1630	2151	4577327
1631	2050	4579377
1632	2060	4581437
1633	1974	4583411
1634	1960	4585371
1635	1883	4587254
1636	1990	4589244
1637	2125	4591369
1638	2284	4593653
1639	2054	4595707
1640	2019	4597726
1641	1971	4599697
1642	2178	4601875
1643	2142	4604017
1644	2033	4606050
1645	2051	4608101
1646	2143	4610244
1647	5252	4615496
1648	5962	4621458
1649	3948	4625406
1650	3762	4629168
1651	3656	4632824
1652	3417	4636241
1653	3413	4639654
1654	3300	4642954
1655	3399	4646353
1656	3171	4649524
1657	3261	4652785
1658	3280	4656065
1659	4370	4660435
1660	3211	4663646
1661	2331	4665977
1662	3416	4669393
1663	3626	4673019
1664	2261	4675280
1665	3216	4678496
1666	2230	4680726
1667	3306	4684032
1668	3312	4687344
1669	3279	4690623
1670	3336	4693959
1671	3554	4697513
1672	3222	4700735
1673	2297	4703032
1674	3332	4706364
1675	3343	4709707
1676	2879	4712586
1677	3343	4715929
1678	3339	4719268
1679	3330	4722598
1680	3471	4726069
1681	3381	4729450
1682	3356	4732806
1683	3112	4735918
1684	2304	4738222
1685	2764	4740986
1686	2269	4743255
1687	2173	4745428
1688	2079	4747507
1689	2000	4749507
1690	2153	4751660
1691	2178	4753838
1692	2256	4756094
1693	2357	4758451
1694	2191	4760642
1695	2078	4762720
1696	2057	4764777
1697	2056	4766833
1698	2092	4768925
1699	2084	4771009
1700	2040	4773049
1701	2023	4775072
1702	2021	4777093
1703	2087	4779180
1704	2059	4781239
1705	2125	4783364
1706	2018	4785382
1707	1904	4787286
1708	2040	4789326
1709	1937	4791263
1710	1968	4793231
1711	2099	4795330
1712	2088	4797418
1713	2013	4799431
1714	1998	4801429
1715	1904	4803333
1716	1938	4805271
1717	1857	4807128
1718	2070	4809198
1719	2141	4811339
1720	2025	4813364
1721	2029	4815393
1722	1994	4817387
1723	1987	4819374
1724	1855	4821229
1725	1997	4823226
1726	1957	4825183
1727	2150	4827333
1728	2165	4829498
1729	2049	4831547
1730	1974	4833521
1731	1926	4835447
1732	1959	4837406
1733	1981	4839387
1734	2063	4841450
1735	1908	4843358
1736	2027	4845385
1737	2058	4847443
1738	2030	4849473
1739	2082	4851555
1740	2060	4853615
1741	1968	4855583
1742	1868	4857451
1743	2021	4859472
1744	2248	4861720
1745	2109	4863829
1746	2022	4865851
1747	2001	4867852
1748	2364	4870216
1749	2123	4872339
1750	2190	4874529
1751	2052	4876581
1752	2246	4878827
1753	2421	4881248
1754	2781	4884029
1755	2589	4886618
1756	3837	4890455
1757	3895	4894350
1758	3327	4897677
1759	3622	4901299
1760	2273	4903572
1761	2259	4905831
1762	2134	4907965
1763	2052	4910017
1764	2029	4912046
1765	2022	4914068
1766	2034	4916102
1767	2060	4918162
1768	1901	4920063
1769	1934	4921997


--------------
Stats:
	Total: 1769
	Mean: 2781.9610797237915
	StdDev: 1226.2405121795605
	Max: 3922
	Percentile (25, 50, 75, 95, 99): (2086, 2370, 3209, 3544, 3792)
--------------

